0
0
0
0
0
0
0
0.032
0.126
0.36
0.463
0.479
0.448
0.413
0.258
0.058
0.008
0
0
0
0
0
0
0
0
0
0
0
0
0
0
0.008
0.045
0.159
0.095
0.133
0.167
0.268
0.209
0.199
0.034
0
0
0
0
0
0
0
0
0
0
0
0
0
0
0.086
0.274
0.44
0.556
0.611
0.601
0.525
0.393
0.22
0.04
0
0
0
0
0
0
0
0
0
0
0
0
0
0
0.086
0.274
0.438
0.555
0.466
0.601
0.527
0.396
0.222
0.042
0
0
0
0
0
0
0
0
0
0
0
0
0
0
0.029
0.052
0.104
0.128
0.24
0.16
0.288
0.22
0.088
0.014
0
0
0
0
0
0
0
0
0
0
0
0
0
0
0.086
0.277
0.446
0.569
0.629
0.622
0.548
0.416
0.237
0.049
0
0
0
0
0
0
0
0
0
0
0
0
0
0
0.087
0.276
0.443
0.562
0.62
0.478
0.452
0.334
0.231
0.048
0
0
0
0
0
0
0
0
0
0
0
0
0
0
0.083
0.268
0.434
0.551
0.609
0.602
0.531
0.402
0.123
0.05
0
0
0
0
0
0
0
0
0
0
0
0
0
0
0.002
0.167
0.286
0.53
0.584
0.578
0.506
0.379
0.213
0.044
0
0
0
0
0
0
0
0
0
0
0
0
0
0
0.068
0.061
0.113
0.164
0.122
0.166
0.168
0.123
0.092
0.02
0
0
0
0
0
0
0
0
0
0
0
0
0
0
0.04
0.164
0.421
0.546
0.605
0.598
0.267
0.403
0.234
0.053
0
0
0
0
0
0
0
0
0
0
0
0
0
0
0.081
0.269
0.44
0.559
0.619
0.613
0.542
0.414
0.243
0.059
0
0
0
0
0
0
0
0
0
0
0
0
0
0
0.004
0.049
0.071
0.102
0.072
0.107
0.147
0.093
0.045
0.01
0
0
0
0
0
0
0
0
0
0
0
0
0
0
0.082
0.27
0.438
0.56
0.622
0.617
0.547
0.418
0.247
0.063
0
0
0
0
0
0
0
0
0
0
0
0
0
0
0.026
0.165
0.442
0.571
0.636
0.634
0.564
0.434
0.26
0.069
0
0
0
0
0
0
0
0
0
0
0
0
0
0
0.084
0.268
0.434
0.554
0.616
0.616
0.548
0.422
0.252
0.067
0
0
0
0
0
0
0
0
0
0
0
0
0
0
0.08
0.209
0.392
0.459
0.638
0.64
0.573
0.444
0.267
0.075
0
0
0
0
0
0
0
0
0
0
0
0
0
0
0.091
0.282
0.451
0.572
0.633
0.63
0.559
0.431
0.259
0.073
0
0
0
0
0
0
0
0
0
0
0
0
0
0
0.085
0.274
0.446
0.568
0.631
0.629
0.563
0.437
0.266
0.078
0
0
0
0
0
0
0
0
0
0
0
0
0
0
0.094
0.288
0.461
0.587
0.651
0.647
0.577
0.448
0.27
0.08
0
0
0
0
0
0
0
0
0
0
0
0
0
0
0.088
0.279
0.447
0.141
0.212
0.225
0.401
0.439
0.178
0.058
0
0
0
0
0
0
0
0
0
0
0
0
0
0
0.094
0.288
0.461
0.586
0.65
0.647
0.578
0.45
0.277
0.087
0
0
0
0
0
0
0
0
0
0
0
0
0
0
0.049
0.192
0.35
0.471
0.634
0.63
0.559
0.431
0.259
0.076
0
0
0
0
0
0
0
0
0
0
0
0
0
0
0.107
0.312
0.492
0.623
0.69
0.688
0.618
0.486
0.305
0.102
0
0
0
0
0
0
0
0
0
0
0
0
0
0
0.093
0.281
0.247
0.358
0.2
0.258
0.505
0.449
0.28
0.092
0
0
0
0
0
0
0
0
0
0
0
0
0
0
0.09
0.23
0.34
0.422
0.397
0.505
0.351
0.232
0.147
0.053
0
0
0
0
0
0
0
0
0
0
0
0
0
0
0.062
0.237
0.415
0.548
0.627
0.653
0.59
0.464
0.291
0.099
0
0
0
0
0
0
0
0
0
0
0
0
0
0
0.022
0.075
0.131
0.162
0.268
0.046
0.266
0.212
0.175
0.064
0
0
0
0
0
0
0
0
0
0
0
0
0
0
0.058
0.253
0.436
0.549
0.642
0.646
0.578
0.455
0.332
0.121
0
0
0
0
0
0
0
0
0
0
0
0
0
0
0.122
0.337
0.526
0.662
0.731
0.729
0.656
0.519
0.332
0.122
0
0
0
0
0
0
0
0
0
0
0
0
0
0
0.056
0.305
0.48
0.609
0.676
0.677
0.611
0.485
0.312
0.116
0
0
0
0
0
0
0
0
0
0
0
0
0
0
0.106
0.3
0.474
0.606
0.677
0.677
0.611
0.483
0.147
0.114
0
0
0
0
0
0
0
0
0
0
0
0
0
0
0.003
0.051
0.1
0.17
0.148
0.357
0.393
0.085
0.075
0.035
0
0
0
0
0
0
0
0
0
0
0
0
0
0
0.103
0.059
0.086
0.123
0.264
0.342
0.282
0.26
0.135
0.122
0
0
0
0
0
0
0
0
0
0
0
0
0
0
0.039
0.107
0.193
0.177
0.162
0.119
0.143
0.089
0.028
0.005
0
0
0
0
0
0
0
0
0
0
0
0
0
0
0.009
0.038
0.27
0.149
0.224
0.155
0.133
0.082
0.191
0.006
0
0
0
0
0
0
0
0
0
0
0
0
0
0
0.002
0.111
0.211
0.162
0.201
0.247
0.223
0.097
0.01
0.002
0
0
0
0
0
0
0
0
0
0
0
0
0
0
0.119
0.314
0.493
0.466
0.693
0.532
0.544
0.464
0.301
0.127
0
0
0
0
0
0
0
0
0
0
0
0
0
0
0.017
0.069
0.182
0.358
0.398
0.396
0.626
0.5
0.19
0.132
0
0
0
0
0
0
0
0
0
0
0
0
0
0
0.119
0.314
0.29
0.368
0.708
0.711
0.472
0.48
0.156
0.049
0
0
0
0
0
0
0
0
0
0
0
0
0
0
0.028
0.049
0.072
0.112
0.2
0.14
0.115
0.054
0.065
0.026
0
0
0
0
0
0
0
0
0
0
0
0
0
0
0.013
0.057
0.078
0.098
0.151
0.094
0.195
0.083
0.077
0.06
0
0
0
0
0
0
0
0
0
0
0
0
0
0
0.011
0.117
0.031
0.097
0.061
0.092
0.142
0.161
0.005
0.12
0
0
0
0
0
0
0
0
0
0
0
0
0
0
0.15
0.363
0.549
0.683
0.752
0.752
0.682
0.55
0.368
0.159
0
0
0
0
0
0
0
0
0
0
0
0
0
0
0.138
0.303
0.532
0.541
0.519
0.456
0.164
0.355
0.112
0.05
0
0
0
0
0
0
0
0
0
0
0
0
0
0
0.164
0.379
0.566
0.699
0.768
0.765
0.693
0.559
0.376
0.169
0
0
0
0
0
0
0
0
0
0
0
0
0
0
0.158
0.366
0.55
0.681
0.748
0.745
0.674
0.54
0.361
0.161
0
0
0
0
0
0
0
0
0
0
0
0
0
0
0.145
0.056
0.18
0.3
0.216
0.536
0.272
0.128
0.051
0.144
0
0
0
0
0
0
0
0
0
0
0
0
0
0
0.171
0.376
0.544
0.658
0.703
0.574
0.362
0.334
0.065
0.008
0
0
0
0
0
0
0
0
0
0
0
0
0
0
0.042
0.066
0.082
0.162
0.227
0.125
0.157
0.261
0.199
0.072
0
0
0
0
0
0
0
0
0
0
0
0
0
0
0.005
0.089
0.043
0.06
0.198
0.268
0.536
0.409
0.305
0.115
0
0
0
0
0
0
0
0
0
0
0
0
0
0
0.192
0.412
0.6
0.734
0.803
0.801
0.729
0.593
0.404
0.191
0
0
0
0
0
0
0
0
0
0
0
0
0
0
0.107
0.391
0.578
0.711
0.692
0.694
0.6
0.488
0.33
0.133
0
0
0
0
0
0
0
0
0
0
0
0
0
0
0.172
0.377
0.557
0.689
0.76
0.711
0.575
0.439
0.387
0.182
0
0
0
0
0
0
0
0
0
0
0
0
0
0
0.189
0.406
0.595
0.728
0.796
0.796
0.623
0.576
0.361
0.143
0.009
0
0
0
0
0
0
0
0
0
0
0
0
0.003
0.006
0.013
0.299
0.277
0.422
0.052
0.51
0.55
0.37
0.175
0.011
0
0
0
0
0
0
0
0
0
0
0
0
0.001
0.035
0.09
0.278
0.425
0.454
0.668
0.592
0.423
0.264
0.162
0.013
0
0
0
0
0
0
0
0
0
0
0
0
0.021
0.228
0.454
0.645
0.781
0.85
0.846
0.772
0.633
0.442
0.221
0.02
0
0
0
0
0
0
0
0
0
0
0
0
0.02
0.215
0.291
0.4
0.725
0.782
0.547
0.721
0.515
0.399
0.205
0.018
0
0
0
0
0
0
0
0
0
0
0
0
0.018
0.006
0.124
0.375
0.527
0.49
0.775
0.702
0.211
0.102
0.103
0.016
0
0
0
0
0
0
0
0
0
0
0
0
0.021
0.199
0.403
0.508
0.711
0.778
0.78
0.713
0.583
0.402
0.198
0.02
0
0
0
0
0
0
0
0
0
0
0
0
0.017
0.189
0.103
0.041
0.131
0.104
0.163
0.171
0.105
0.082
0.028
0.019
0
0
0
0
0
0
0
0
0
0
0
0
0.006
0.024
0.219
0.278
0.495
0.334
0.279
0.207
0.14
0.089
0.09
0.008
0
0
0
0
0
0
0
0
0
0
0
0
0.026
0.136
0.426
0.61
0.741
0.802
0.822
0.74
0.599
0.332
0.146
0.015
0
0
0
0
0
0
0
0
0
0
0
0
0.006
0.03
0.077
0.106
0.309
0.105
0.144
0.161
0.059
0.048
0.025
0.002
0
0
0
0
0
0
0
0
0
0
0
0
0.034
0.225
0.333
0.628
0.764
0.836
0.839
0.768
0.633
0.446
0.229
0.031
0
0
0
0
0
0
0
0
0
0
0
0
0.018
0.199
0.438
0.628
0.761
0.827
0.828
0.758
0.623
0.438
0.224
0.031
0
0
0
0
0
0
0
0
0
0
0
0
0.038
0.223
0.427
0.605
0.733
0.797
0.809
0.738
0.606
0.425
0.218
0.031
0
0
0
0
0
0
0
0
0
0
0
0
0.043
0.237
0.447
0.634
0.763
0.828
0.832
0.76
0.625
0.439
0.225
0.034
0
0
0
0
0
0
0
0
0
0
0
0
0.05
0.246
0.451
0.621
0.741
0.799
0.796
0.715
0.24
0.07
0.061
0.008
0
0
0
0
0
0
0
0
0
0
0
0
0.004
0.023
0.041
0.262
0.296
0.398
0.176
0.274
0.155
0.047
0.041
0.007
0
0
0
0
0
0
0
0
0
0
0
0
0.066
0.282
0.501
0.688
0.819
0.885
0.879
0.803
0.663
0.473
0.253
0.045
0
0
0
0
0
0
0
0
0
0
0
0
0.068
0.285
0.503
0.685
0.814
0.877
0.87
0.791
0.648
0.455
0.022
0.003
0
0
0
0
0
0
0
0
0
0
0
0
0.016
0.065
0.262
0.352
0.425
0.394
0.548
0.515
0.43
0.201
0.147
0.024
0
0
0
0
0
0
0
0
0
0
0
0
0.007
0.074
0.093
0.187
0.105
0.388
0.393
0.38
0.273
0.123
0.138
0.025
0
0
0
0
0
0
0
0
0
0
0
0
0.002
0.172
0.023
0.131
0.089
0.341
0.213
0.18
0.122
0.076
0.07
0.044
0
0
0
0
0
0
0
0
0
0
0
0
0.067
0.051
0.062
0.181
0.264
0.197
0.17
0.467
0.167
0.112
0.119
0.051
0
0
0
0
0
0
0
0
0
0
0
0
0.078
0.128
0.132
0.166
0.279
0.299
0.25
0.297
0.23
0.197
0.229
0.042
0
0
0
0
0
0
0
0
0
0
0
0
0.082
0.299
0.523
0.713
0.849
0.918
0.914
0.836
0.694
0.499
0.272
0.059
0
0
0
0
0
0
0
0
0
0
0
0
0.101
0.326
0.546
0.651
0.781
0.799
0.853
0.803
0.661
0.412
0.224
0.047
0
0
0
0
0
0
0
0
0
0
0
0
0.034
0.154
0.413
0.628
0.754
0.833
0.594
0.56
0.627
0.444
0.153
0.049
0
0
0
0
0
0
0
0
0
0
0
0
0.022
0.13
0.132
0.321
0.174
0.44
0.436
0.434
0.658
0.477
0.264
0.06
0
0
0
0
0
0
0
0
0
0
0
0
0.106
0.327
0.544
0.726
0.853
0.915
0.904
0.821
0.679
0.488
0.269
0.061
0
0
0
0
0
0
0
0
0
0
0
0
0.109
0.331
0.548
0.728
0.554
0.904
0.594
0.765
0.698
0.506
0.283
0.067
0
0
0
0
0
0
0
0
0
0
0
0
0.115
0.342
0.565
0.751
0.881
0.943
0.934
0.85
0.702
0.507
0.283
0.069
0
0
0
0
0
0
0
0
0
0
0
0
0.026
0.12
0.376
0.414
0.827
0.886
0.879
0.796
0.652
0.47
0.258
0.06
0
0
0
0
0
0
0
0
0
0
0
0
0.006
0.021
0.025
0.058
0.172
0.345
0.394
0.433
0.373
0.302
0.199
0.056
0
0
0
0
0
0
0
0
0
0
0
0
0.006
0.066
0.189
0.317
0.831
0.217
0.287
0.343
0.217
0.145
0.092
0.042
0
0
0
0
0
0
0
0
0
0
0
0
0.132
0.36
0.582
0.767
0.895
0.956
0.946
0.865
0.72
0.525
0.3
0.081
0
0
0
0
0
0
0
0
0
0
0
0
0.142
0.373
0.594
0.778
0.904
0.962
0.945
0.787
0.711
0.427
0.276
0.078
0
0
0
0
0
0
0
0
0
0
0
0
0.07
0.349
0.4
0.455
0.866
0.925
0.916
0.837
0.697
0.51
0.292
0.08
0
0
0
0
0
0
0
0
0
0
0
0
0.134
0.286
0.547
0.65
0.691
0.627
0.857
0.374
0.491
0.247
0.12
0.023
0
0
0
0
0
0
0
0
0
0
0
0
0.026
0.018
0.387
0.265
0.244
0.372
0.609
0.603
0.588
0.374
0.248
0.067
0
0
0
0
0
0
0
0
0
0
0
0
0.021
0.017
0.291
0.123
0.142
0.241
0.161
0.157
0.32
0.169
0.284
0.081
0
0
0
0
0
0
0
0
0
0
0
0
0.16
0.389
0.607
0.724
0.912
0.968
0.888
0.719
0.57
0.473
0.202
0.051
0
0
0
0
0
0
0
0
0
0
0
0
0.016
0.189
0.384
0.409
0.356
0.227
0.166
0.258
0.103
0.123
0.087
0.014
0
0
0
0
0
0
0
0
0
0
0
0
0.019
0.068
0.154
0.146
0.328
0.532
0.502
0.411
0.441
0.318
0.09
0.09
0
0
0
0
0
0
0
0
0
0
0
0
0.161
0.384
0.597
0.77
0.888
0.94
0.932
0.733
0.622
0.412
0.278
0.064
0
0
0
0
0
0
0
0
0
0
0
0
0.176
0.404
0.618
0.795
0.916
0.972
0.96
0.877
0.732
0.54
0.319
0.1
0
0
0
0
0
0
0
0
0
0
0
0
0.181
0.407
0.621
0.795
0.915
0.969
0.956
0.872
0.728
0.536
0.316
0.1
0
0
0
0
0
0
0
0
0
0
0
0
0.169
0.344
0.53
0.574
0.752
0.855
0.928
0.848
0.71
0.521
0.304
0.094
0
0
0
0
0
0
0
0
0
0
0
0.008
0.176
0.396
0.606
0.778
0.895
0.948
0.939
0.857
0.63
0.453
0.266
0.098
0
0
0
0
0
0
0
0
0
0
0
0.012
0.19
0.413
0.621
0.745
0.759
0.945
0.792
0.754
0.648
0.455
0.164
0.055
0
0
0
0
0
0
0
0
0
0
0
0
0.006
0.047
0.146
0.187
0.349
0.439
0.278
0.427
0.392
0.34
0.173
0.055
0
0
0
0
0
0
0
0
0
0
0
0
0.014
0.063
0.172
0.36
0.283
0.29
0.989
0.91
0.766
0.571
0.346
0.12
0
0
0
0
0
0
0
0
0
0
0
0.021
0.221
0.457
0.674
0.848
0.965
1.016
0.997
0.91
0.76
0.562
0.336
0.114
0
0
0
0
0
0
0
0
0
0
0
0.019
0.204
0.431
0.639
0.122
0.916
0.96
0.942
0.764
0.543
0.35
0.19
0.059
0
0
0
0
0
0
0
0
0
0
0
0.001
0.029
0.084
0.119
0.2
0.265
0.305
0.318
0.3
0.211
0.149
0.081
0.048
0
0
0
0
0
0
0
0
0
0
0
0.008
0.13
0.317
0.63
0.799
0.784
0.965
0.951
0.869
0.729
0.542
0.329
0.117
0
0
0
0
0
0
0
0
0
0
0
0.028
0.22
0.443
0.649
0.817
0.929
0.979
0.963
0.879
0.737
0.549
0.333
0.115
0
0
0
0
0
0
0
0
0
0
0
0.028
0.212
0.429
0.631
0.797
0.907
0.955
0.938
0.453
0.308
0.389
0.184
0.112
0
0
0
0
0
0
0
0
0
0
0
0.001
0.007
0.017
0.107
0.286
0.412
0.505
0.429
0.19
0.699
0.516
0.202
0.112
0
0
0
0
0
0
0
0
0
0
0
0.034
0.229
0.458
0.673
0.847
0.963
1.014
0.996
0.91
0.765
0.572
0.351
0.13
0
0
0
0
0
0
0
0
0
0
0
0.035
0.224
0.443
0.646
0.809
0.918
0.966
0.626
0.863
0.635
0.456
0.224
0.082
0
0
0
0
0
0
0
0
0
0
0
0.039
0.23
0.447
0.523
0.817
0.656
0.982
0.971
0.888
0.747
0.561
0.346
0.131
0
0
0
0
0
0
0
0
0
0
0
0.043
0.24
0.463
0.669
0.836
0.946
0.994
0.974
0.889
0.746
0.459
0.342
0.13
0
0
0
0
0
0
0
0
0
0
0
0.029
0.075
0.243
0.301
0.358
0.221
0.079
0.087
0.066
0.079
0.277
0.214
0.074
0
0
0
0
0
0
0
0
0
0
0
0.001
0.146
0.242
0.235
0.469
0.691
0.579
0.75
0.581
0.6
0.284
0.079
0.05
0
0
0
0
0
0
0
0
0
0
0
0.018
0.12
0.278
0.364
0.525
0.734
0.842
0.932
0.776
0.561
0.196
0.119
0.028
0
0
0
0
0
0
0
0
0
0
0
0.037
0.083
0.13
0.145
0.369
0.607
0.986
0.739
0.889
0.747
0.56
0.349
0.098
0
0
0
0
0
0
0
0
0
0
0
0.055
0.257
0.48
0.687
0.854
0.907
1.013
0.997
0.915
0.773
0.584
0.37
0.15
0
0
0
0
0
0
0
0
0
0
0
0.052
0.248
0.472
0.679
0.842
0.95
0.994
0.674
0.571
0.734
0.416
0.229
0.124
0
0
0
0
0
0
0
0
0
0
0
0.061
0.262
0.483
0.686
0.851
0.96
1.007
0.988
0.903
0.761
0.575
0.361
0.147
0
0
0
0
0
0
0
0
0
0
0
0.062
0.261
0.479
0.677
0.842
0.949
0.995
0.978
0.895
0.756
0.572
0.36
0.148
0
0
0
0
0
0
0
0
0
0
0
0.063
0.262
0.481
0.684
0.849
0.96
1.008
0.992
0.909
0.769
0.583
0.37
0.155
0
0
0
0
0
0
0
0
0
0
0
0.069
0.272
0.493
0.695
0.857
0.967
1.015
0.999
0.917
0.777
0.591
0.377
0.16
0
0
0
0
0
0
0
0
0
0
0
0.068
0.275
0.497
0.705
0.869
0.977
1.022
1.001
0.916
0.774
0.584
0.371
0.158
0
0
0
0
0
0
0
0
0
0
0
0.072
0.273
0.489
0.662
0.844
0.951
0.996
0.976
0.89
0.727
0.483
0.249
0.11
0
0
0
0
0
0
0
0
0
0
0
0.019
0.145
0.156
0.161
0.381
0.364
0.37
0.269
0.225
0.216
0.207
0.224
0.064
0
0
0
0
0
0
0
0
0
0
0
0.012
0.094
0.132
0.297
0.437
0.528
0.412
0.448
0.646
0.633
0.553
0.351
0.149
0
0
0
0
0
0
0
0
0
0
0
0.006
0.062
0.152
0.263
0.602
0.92
0.967
0.942
0.862
0.517
0.414
0.343
0.135
0
0
0
0
0
0
0
0
0
0
0
0.072
0.261
0.292
0.661
0.761
0.854
0.896
0.817
0.695
0.7
0.497
0.284
0.153
0
0
0
0
0
0
0
0
0
0
0
0.074
0.203
0.259
0.675
0.829
0.929
0.968
0.942
0.46
0.458
0.553
0.178
0.027
0
0
0
0
0
0
0
0
0
0
0
0.065
0.138
0.248
0.479
0.397
0.259
0.231
0.219
0.155
0.128
0.098
0.015
0.049
0.002
0
0
0
0
0
0
0
0
0
0
0.082
0.284
0.266
0.225
0.159
0.21
0.549
0.732
0.648
0.79
0.606
0.393
0.175
0.011
0
0
0
0
0
0
0
0
0
0
0.084
0.284
0.501
0.702
0.871
0.986
1.037
1.021
0.94
0.799
0.613
0.397
0.179
0.012
0
0
0
0
0
0
0
0
0
0
0.003
0.054
0.021
0.603
0.802
0.663
0.968
0.97
0.893
0.67
0.566
0.314
0.117
0.007
0
0
0
0
0
0
0
0
0
0
0.048
0.121
0.258
0.658
0.817
0.128
0.391
0.218
0.123
0.373
0.209
0.216
0.1
0.009
0
0
0
0
0
0
0
0
0
0
0.07
0.18
0.422
0.658
0.733
0.881
0.973
0.67
0.354
0.633
0.313
0.366
0.155
0.012
0
0
0
0
0
0
0
0
0
0
0.085
0.279
0.492
0.688
0.847
0.952
0.996
0.978
0.896
0.759
0.581
0.378
0.172
0.013
0
0
0
0
0
0
0
0
0
0
0.067
0.239
0.492
0.685
0.841
0.945
0.989
0.975
0.894
0.755
0.577
0.376
0.172
0.015
0
0
0
0
0
0
0
0
0
0
0.087
0.282
0.496
0.691
0.846
0.951
0.996
0.978
0.898
0.764
0.586
0.383
0.176
0.016
0
0
0
0
0
0
0
0
0
0
0.067
0.288
0.499
0.691
0.849
0.952
0.996
0.976
0.896
0.761
0.582
0.382
0.178
0.018
0
0
0
0
0
0
0
0
0
0
0.054
0.171
0.466
0.682
0.785
0.844
0.919
0.748
0.714
0.594
0.54
0.337
0.1
0.009
0
0
0
0
0
0
0
0
0
0
0.094
0.288
0.496
0.685
0.831
0.932
0.974
0.68
0.459
0.377
0.368
0.369
0.171
0.017
0
0
0
0
0
0
0
0
0
0
0.081
0.262
0.46
0.645
0.789
0.893
0.94
0.958
0.781
0.662
0.519
0.373
0.158
0.016
0
0
0
0
0
0
0
0
0
0
0.026
0.27
0.236
0.413
0.659
0.665
0.732
0.697
0.647
0.525
0.543
0.315
0.169
0.02
0
0
0
0
0
0
0
0
0
0
0.073
0.194
0.487
0.597
0.364
0.824
0.817
0.724
0.528
0.105
0.095
0.064
0.097
0.012
0
0
0
0
0
0
0
0
0
0
0.009
0.033
0.193
0.367
0.545
0.687
0.568
0.758
0.529
0.558
0.336
0.195
0.086
0.011
0
0
0
0
0
0
0
0
0
0
0.05
0.141
0.346
0.685
0.836
0.937
0.901
0.846
0.696
0.507
0.021
0.026
0.102
0.014
0
0
0
0
0
0
0
0
0
0
0.045
0.142
0.175
0.405
0.569
0.505
0.981
0.966
0.89
0.761
0.591
0.394
0.151
0.022
0
0
0
0
0
0
0
0
0
0
0.073
0.195
0.336
0.408
0.546
0.47
0.774
0.803
0.596
0.28
0.394
0.222
0.107
0.015
0
0
0
0
0
0
0
0
0
0
0.051
0.155
0.195
0.211
0.392
0.443
0.303
0.652
0.624
0.426
0.218
0.239
0.189
0.028
0
0
0
0
0
0
0
0
0
0
0.1
0.291
0.494
0.57
0.599
0.608
0.313
0.784
0.553
0.498
0.236
0.337
0.185
0.026
0
0
0
0
0
0
0
0
0
0
0.101
0.204
0.494
0.68
0.831
0.931
0.974
0.796
0.569
0.617
0.507
0.362
0.182
0.028
0
0
0
0
0
0
0
0
0
0
0.075
0.214
0.442
0.608
0.692
0.782
0.814
0.882
0.899
0.379
0.564
0.225
0.096
0.014
0
0
0
0
0
0
0
0
0
0
0.1
0.289
0.491
0.675
0.826
0.434
0.394
0.711
0.645
0.141
0.026
0.045
0.043
0.006
0
0
0
0
0
0
0
0
0
0
0.048
0.145
0.187
0.566
0.701
0.876
0.911
0.784
0.763
0.696
0.569
0.333
0.19
0.03
0
0
0
0
0
0
0
0
0
0
0.1
0.148
0.486
0.62
0.548
0.925
0.848
0.955
0.879
0.753
0.512
0.246
0.177
0.029
0
0
0
0
0
0
0
0
0
0
0.008
0.037
0.32
0.389
0.675
0.701
0.855
0.9
0.886
0.76
0.592
0.399
0.201
0.035
0
0
0
0
0
0
0
0
0
0
0.1
0.155
0.243
0.475
0.54
0.665
0.272
0.138
0.245
0.376
0.211
0.174
0.105
0.017
0
0
0
0
0
0
0
0
0
0
0.006
0.081
0.111
0.304
0.635
0.81
0.613
0.451
0.727
0.251
0.065
0.088
0.01
0.001
0
0
0
0
0
0
0
0
0
0
0.023
0.064
0.5
0.69
0.842
0.945
0.816
0.969
0.892
0.766
0.596
0.401
0.202
0.037
0
0
0
0
0
0
0
0
0
0
0.011
0.165
0.199
0.537
0.342
0.223
0.968
0.959
0.882
0.753
0.431
0.387
0.093
0.014
0
0
0
0
0
0
0
0
0
0
0.068
0.287
0.491
0.681
0.83
0.934
0.979
0.97
0.895
0.766
0.595
0.364
0.199
0.035
0
0
0
0
0
0
0
0
0
0
0.102
0.293
0.497
0.684
0.653
0.87
0.994
0.707
0.69
0.558
0.453
0.02
0.015
0.041
0
0
0
0
0
0
0
0
0
0
0.101
0.291
0.496
0.684
0.837
0.94
0.987
0.567
0.447
0.157
0.062
0.274
0.183
0.04
0
0
0
0
0
0
0
0
0
0
0.097
0.284
0.486
0.672
0.825
0.667
0.719
0.905
0.724
0.092
0.467
0.348
0.202
0.038
0
0
0
0
0
0
0
0
0
0
0.09
0.272
0.471
0.655
0.805
0.805
0.312
0.576
0.372
0.666
0.564
0.388
0.162
0.03
0
0
0
0
0
0
0
0
0
0
0.097
0.282
0.484
0.67
0.818
0.833
0.969
0.963
0.89
0.764
0.595
0.403
0.206
0.04
0
0
0
0
0
0
0
0
0
0
0.096
0.281
0.481
0.667
0.818
0.92
0.967
0.905
0.889
0.765
0.598
0.323
0.099
0.02
0
0
0
0
0
0
0
0
0
0
0.095
0.279
0.478
0.663
0.801
0.906
0.957
0.944
0.876
0.756
0.431
0.299
0.178
0.041
0
0
0
0
0
0
0
0
0
0
0.046
0.164
0.222
0.371
0.614
0.472
0.812
0.73
0.799
0.635
0.552
0.245
0.082
0.015
0
0
0
0
0
0
0
0
0
0
0.079
0.254
0.446
0.625
0.774
0.88
0.931
0.954
0.471
0.135
0.472
0.204
0.108
0.022
0
0
0
0
0
0
0
0
0
0
0.036
0.116
0.131
0.553
0.716
0.753
0.658
0.409
0.789
0.625
0.553
0.39
0.2
0.039
0
0
0
0
0
0
0
0
0
0
0.087
0.215
0.471
0.66
0.691
0.673
0.633
0.97
0.827
0.773
0.559
0.409
0.21
0.043
0
0
0
0
0
0
0
0
0
0
0.015
0.162
0.141
0.323
0.579
0.44
0.519
0.367
0.343
0.496
0.438
0.138
0.183
0.038
0
0
0
0
0
0
0
0
0
0
0.094
0.282
0.16
0.413
0.441
0.723
0.854
0.791
0.799
0.68
0.556
0.415
0.209
0.044
0
0
0
0
0
0
0
0
0
0
0.026
0.221
0.283
0.372
0.237
0.478
0.386
0.491
0.767
0.539
0.377
0.403
0.165
0.034
0
0
0
0
0
0
0
0
0
0
0.092
0.279
0.48
0.666
0.817
0.568
0.973
0.957
0.608
0.676
0.602
0.41
0.211
0.043
0
0
0
0
0
0
0
0
0
0
0.078
0.252
0.445
0.629
0.773
0.741
0.928
0.914
0.849
0.733
0.574
0.388
0.197
0.036
0
0
0
0
0
0
0
0
0
0
0.084
0.221
0.229
0.655
0.807
0.916
0.97
0.956
0.891
0.771
0.596
0.407
0.21
0.042
0
0
0
0
0
0
0
0
0
0
0.084
0.268
0.468
0.655
0.807
0.911
0.96
0.959
0.893
0.731
0.583
0.398
0.207
0.044
0
0
0
0
0
0
0
0
0
0
0.086
0.273
0.475
0.661
0.825
0.937
0.992
0.986
0.921
0.75
0.634
0.335
0.231
0.05
0
0
0
0
0
0
0
0
0
0
0.093
0.288
0.497
0.657
0.808
0.957
1.009
1.001
0.931
0.806
0.637
0.44
0.233
0.05
0
0
0
0
0
0
0
0
0
0
0.093
0.288
0.497
0.689
0.844
0.95
0.579
0.833
0.595
0.779
0.612
0.417
0.215
0.043
0
0
0
0
0
0
0
0
0
0
0.081
0.171
0.465
0.656
0.672
0.261
0.594
0.77
0.815
0.64
0.346
0.387
0.168
0.044
0
0
0
0
0
0
0
0
0
0
0.085
0.274
0.482
0.675
0.828
0.937
0.989
0.972
0.901
0.57
0.609
0.185
0.213
0.042
0
0
0
0
0
0
0
0
0
0
0.076
0.258
0.387
0.625
0.751
0.854
0.888
0.906
0.819
0.514
0.489
0.351
0.178
0.032
0
0
0
0
0
0
0
0
0
0
0.005
0.114
0.333
0.369
0.485
0.276
0.512
0.549
0.695
0.597
0.586
0.39
0.142
0.027
0
0
0
0
0
0
0
0
0
0
0.04
0.114
0.382
0.463
0.594
0.888
0.737
0.794
0.723
0.624
0.549
0.348
0.189
0.031
0
0
0
0
0
0
0
0
0
0
0.067
0.167
0.361
0.486
0.631
0.731
0.964
0.955
0.643
0.39
0.197
0.26
0.089
0.017
0
0
0
0
0
0
0
0
0
0
0.074
0.255
0.455
0.642
0.788
0.542
0.642
0.945
0.878
0.758
0.306
0.403
0.206
0.039
0
0
0
0
0
0
0
0
0
0
0.076
0.262
0.467
0.658
0.816
0.711
0.984
0.703
0.684
0.599
0.404
0.2
0.091
0.017
0
0
0
0
0
0
0
0
0
0
0.071
0.251
0.451
0.639
0.789
0.897
0.95
0.931
0.868
0.75
0.589
0.255
0.202
0.037
0
0
0
0
0
0
0
0
0
0
0.05
0.17
0.158
0.231
0.454
0.602
0.577
0.666
0.799
0.561
0.576
0.37
0.072
0.013
0
0
0
0
0
0
0
0
0
0
0.08
0.278
0.494
0.694
0.857
0.97
1.026
1.018
0.948
0.821
0.647
0.443
0.229
0.045
0
0
0
0
0
0
0
0
0
0
0.077
0.214
0.481
0.643
0.763
0.864
0.788
0.816
0.847
0.469
0.333
0.273
0.16
0.028
0
0
0
0
0
0
0
0
0
0
0.039
0.078
0.156
0.216
0.401
0.31
0.663
0.199
0.352
0.234
0.182
0.163
0.13
0.023
0
0
0
0
0
0
0
0
0
0
0.068
0.054
0.247
0.145
0.245
0.367
0.296
0.979
0.65
0.79
0.621
0.422
0.215
0.038
0
0
0
0
0
0
0
0
0
0
0.065
0.106
0.245
0.436
0.564
0.749
0.82
0.622
0.668
0.772
0.604
0.408
0.178
0.035
0
0
0
0
0
0
0
0
0
0
0.039
0.249
0.455
0.65
0.806
0.69
0.854
0.645
0.512
0.335
0.335
0.259
0.193
0.029
0
0
0
0
0
0
0
0
0
0
0.029
0.055
0.273
0.347
0.546
0.343
0.61
0.686
0.662
0.423
0.433
0.279
0.113
0.018
0
0
0
0
0
0
0
0
0
0
0.059
0.238
0.439
0.628
0.619
0.174
0.108
0.72
0.873
0.556
0.015
0.066
0.007
0.001
0
0
0
0
0
0
0
0
0
0
0.057
0.237
0.44
0.632
0.792
0.544
0.961
0.731
0.874
0.751
0.584
0.389
0.19
0.027
0
0
0
0
0
0
0
0
0
0
0.058
0.243
0.453
0.652
0.818
0.845
0.852
0.918
0.916
0.792
0.621
0.42
0.195
0.03
0
0
0
0
0
0
0
0
0
0
0.058
0.247
0.458
0.653
0.815
0.927
0.981
0.972
0.901
0.774
0.603
0.403
0.197
0.028
0
0
0
0
0
0
0
0
0
0
0.051
0.227
0.43
0.622
0.781
0.894
0.949
0.939
0.87
0.746
0.578
0.383
0.162
0.023
0
0
0
0
0
0
0
0
0
0
0.042
0.125
0.413
0.611
0.796
0.923
0.991
0.991
0.924
0.797
0.623
0.418
0.206
0.028
0
0
0
0
0
0
0
0
0
0
0.055
0.243
0.453
0.65
0.813
0.75
0.987
0.982
0.913
0.49
0.62
0.417
0.205
0.027
0
0
0
0
0
0
0
0
0
0
0.05
0.204
0.382
0.656
0.815
0.93
0.985
0.97
0.897
0.77
0.464
0.398
0.19
0.022
0
0
0
0
0
0
0
0
0
0
0.003
0.063
0.324
0.38
0.511
0.491
0.762
0.484
0.492
0.29
0.302
0.228
0.053
0.005
0
0
0
0
0
0
0
0
0
0
0.027
0.176
0.157
0.519
0.439
0.701
0.953
0.937
0.869
0.6
0.382
0.037
0.072
0.006
0
0
0
0
0
0
0
0
0
0
0.027
0.217
0.42
0.613
0.774
0.621
0.5
0.484
0.395
0.166
0.216
0.35
0.082
0.006
0
0
0
0
0
0
0
0
0
0
0.037
0.216
0.421
0.614
0.773
0.881
0.932
0.757
0.703
0.514
0.533
0.324
0.122
0.008
0
0
0
0
0
0
0
0
0
0
0.04
0.214
0.418
0.612
0.774
0.889
0.946
0.941
0.874
0.506
0.45
0.368
0.167
0.012
0
0
0
0
0
0
0
0
0
0
0.038
0.137
0.421
0.618
0.783
0.897
0.952
0.49
0.875
0.744
0.57
0.369
0.168
0.012
0
0
0
0
0
0
0
0
0
0
0.037
0.211
0.414
0.605
0.76
0.871
0.925
0.906
0.839
0.319
0.439
0.351
0.155
0.008
0
0
0
0
0
0
0
0
0
0
0.032
0.202
0.404
0.598
0.76
0.873
0.553
0.549
0.612
0.697
0.204
0.276
0.149
0.007
0
0
0
0
0
0
0
0
0
0
0.029
0.197
0.395
0.588
0.754
0.666
0.924
0.304
0.844
0.227
0.548
0.031
0.003
0
0
0
0
0
0
0
0
0
0
0
0.006
0.105
0.324
0.571
0.608
0.582
0.77
0.806
0.132
0.193
0.237
0.182
0.072
0.002
0
0
0
0
0
0
0
0
0
0
0.016
0.102
0.189
0.165
0.319
0.278
0.529
0.716
0.838
0.712
0.541
0.345
0.149
0
0
0
0
0
0
0
0
0
0
0
0.028
0.195
0.221
0.59
0.497
0.285
0.92
0.837
0.555
0.422
0.375
0.239
0.035
0
0
0
0
0
0
0
0
0
0
0
0.031
0.206
0.16
0.604
0.768
0.881
0.935
0.863
0.227
0.714
0.028
0.097
0.08
0
0
0
0
0
0
0
0
0
0
0
0.034
0.224
0.444
0.652
0.824
0.943
1.001
0.991
0.916
0.781
0.599
0.386
0.168
0
0
0
0
0
0
0
0
0
0
0
0.032
0.219
0.436
0.638
0.806
0.923
0.98
0.972
0.898
0.765
0.585
0.374
0.16
0
0
0
0
0
0
0
0
0
0
0
0.03
0.214
0.428
0.629
0.788
0.902
0.957
0.944
0.869
0.737
0.557
0.351
0.145
0
0
0
0
0
0
0
0
0
0
0
0.025
0.199
0.406
0.603
0.769
0.888
0.947
0.942
0.869
0.736
0.557
0.349
0.142
0
0
0
0
0
0
0
0
0
0
0
0.02
0.186
0.391
0.59
0.754
0.867
0.707
0.907
0.833
0.642
0.528
0.277
0.109
0
0
0
0
0
0
0
0
0
0
0
0.016
0.089
0.223
0.484
0.616
0.635
0.894
0.656
0.762
0.088
0.131
0.095
0.094
0
0
0
0
0
0
0
0
0
0
0
0.015
0.083
0.092
0.15
0.494
0.556
0.864
0.886
0.729
0.428
0.421
0.303
0.06
0
0
0
0
0
0
0
0
0
0
0
0.019
0.184
0.389
0.586
0.748
0.862
0.916
0.729
0.835
0.706
0.525
0.324
0.123
0
0
0
0
0
0
0
0
0
0
0
0.018
0.183
0.39
0.585
0.746
0.857
0.587
0.898
0.688
0.695
0.518
0.317
0.118
0
0
0
0
0
0
0
0
0
0
0
0.017
0.183
0.391
0.59
0.758
0.872
0.928
0.913
0.84
0.708
0.529
0.324
0.121
0
0
0
0
0
0
0
0
0
0
0
0.016
0.179
0.382
0.576
0.737
0.847
0.899
0.903
0.827
0.695
0.515
0.312
0.113
0
0
0
0
0
0
0
0
0
0
0
0.014
0.175
0.377
0.57
0.733
0.842
0.216
0.221
0.545
0.216
0.439
0.302
0.081
0
0
0
0
0
0
0
0
0
0
0
0.012
0.171
0.374
0.458
0.733
0.845
0.896
0.882
0.733
0.48
0.16
0.245
0.089
0
0
0
0
0
0
0
0
0
0
0
0.015
0.19
0.407
0.61
0.776
0.889
0.94
0.934
0.852
0.715
0.533
0.323
0.114
0
0
0
0
0
0
0
0
0
0
0
0.014
0.19
0.409
0.614
0.782
0.897
0.951
0.938
0.858
0.517
0.535
0.297
0.11
0
0
0
0
0
0
0
0
0
0
0
0.013
0.119
0.306
0.607
0.775
0.891
0.943
0.929
0.85
0.71
0.524
0.311
0.103
0
0
0
0
0
0
0
0
0
0
0
0.009
0.171
0.353
0.523
0.648
0.754
0.813
0.711
0.808
0.675
0.498
0.295
0.096
0
0
0
0
0
0
0
0
0
0
0
0.006
0.095
0.184
0.344
0.487
0.572
0.504
0.783
0.76
0.127
0.109
0.096
0.023
0
0
0
0
0
0
0
0
0
0
0
0.002
0.045
0.217
0.37
0.293
0.491
0.903
0.486
0.807
0.67
0.389
0.24
0.039
0
0
0
0
0
0
0
0
0
0
0
0
0.032
0.157
0.241
0.723
0.833
0.884
0.467
0.679
0.58
0.49
0.275
0.084
0
0
0
0
0
0
0
0
0
0
0
0
0.169
0.379
0.578
0.741
0.853
0.903
0.881
0.799
0.657
0.391
0.266
0.076
0
0
0
0
0
0
0
0
0
0
0
0
0.09
0.195
0.567
0.552
0.634
0.63
0.859
0.776
0.259
0.465
0.259
0.013
0
0
0
0
0
0
0
0
0
0
0
0
0.142
0.292
0.373
0.481
0.662
0.665
0.761
0.488
0.638
0.176
0.135
0.032
0
0
0
0
0
0
0
0
0
0
0
0
0.074
0.178
0.303
0.397
0.493
0.643
0.59
0.778
0.643
0.461
0.252
0.037
0
0
0
0
0
0
0
0
0
0
0
0
0.078
0.349
0.543
0.701
0.623
0.477
0.855
0.704
0.455
0.247
0.185
0.053
0
0
0
0
0
0
0
0
0
0
0
0
0.148
0.351
0.548
0.715
0.825
0.516
0.851
0.618
0.409
0.144
0.126
0.024
0
0
0
0
0
0
0
0
0
0
0
0
0.152
0.358
0.556
0.72
0.51
0.54
0.292
0.346
0.648
0.459
0.044
0.01
0
0
0
0
0
0
0
0
0
0
0
0
0.136
0.267
0.554
0.493
0.537
0.877
0.843
0.762
0.624
0.443
0.064
0.054
0
0
0
0
0
0
0
0
0
0
0
0
0.102
0.36
0.56
0.724
0.835
0.883
0.67
0.267
0.403
0.458
0.251
0.057
0
0
0
0
0
0
0
0
0
0
0
0
0.05
0.222
0.483
0.521
0.7
0.765
0.769
0.757
0.621
0.152
0.011
0.038
0
0
0
0
0
0
0
0
0
0
0
0
0.134
0.333
0.524
0.705
0.814
0.856
0.827
0.071
0.027
0.051
0.099
0.014
0
0
0
0
0
0
0
0
0
0
0
0
0.004
0.132
0.117
0.159
0.208
0.62
0.821
0.741
0.605
0.425
0.223
0.041
0
0
0
0
0
0
0
0
0
0
0
0
0.14
0.346
0.543
0.709
0.818
0.865
0.845
0.761
0.62
0.298
0.147
0.026
0
0
0
0
0
0
0
0
0
0
0
0
0.03
0.122
0.241
0.433
0.649
0.746
0.673
0.285
0.235
0.406
0.181
0.03
0
0
0
0
0
0
0
0
0
0
0
0
0.014
0.013
0.017
0.22
0.284
0.554
0.765
0.754
0.612
0.425
0.217
0.033
0
0
0
0
0
0
0
0
0
0
0
0
0.132
0.34
0.547
0.718
0.834
0.881
0.788
0.677
0.619
0.429
0.217
0.031
0
0
0
0
0
0
0
0
0
0
0
0
0.072
0.188
0.372
0.543
0.641
0.777
0.662
0.577
0.587
0.399
0.195
0.022
0
0
0
0
0
0
0
0
0
0
0
0
0.094
0.306
0.485
0.636
0.738
0.779
0.8
0.609
0.373
0.397
0.195
0.022
0
0
0
0
0
0
0
0
0
0
0
0
0.133
0.342
0.543
0.707
0.817
0.862
0.841
0.753
0.607
0.258
0.206
0.024
0
0
0
0
0
0
0
0
0
0
0
0
0.131
0.338
0.533
0.703
0.81
0.855
0.832
0.746
0.601
0.406
0.196
0.019
0
0
0
0
0
0
0
0
0
0
0
0
0.132
0.349
0.561
0.734
0.847
0.892
0.869
0.777
0.628
0.434
0.215
0.022
0
0
0
0
0
0
0
0
0
0
0
0
0.138
0.356
0.562
0.73
0.842
0.888
0.864
0.771
0.62
0.424
0.206
0.018
0
0
0
0
0
0
0
0
0
0
0
0
0.132
0.346
0.547
0.71
0.817
0.859
0.84
0.749
0.598
0.404
0.191
0.014
0
0
0
0
0
0
0
0
0
0
0
0
0.127
0.336
0.536
0.7
0.807
0.785
0.747
0.733
0.586
0.396
0.186
0.012
0
0
0
0
0
0
0
0
0
0
0
0
0.117
0.32
0.515
0.447
0.516
0.535
0.724
0.412
0.405
0.364
0.158
0
0
0
0
0
0
0
0
0
0
0
0
0
0.118
0.141
0.239
0.226
0.393
0.518
0.796
0.707
0.341
0.371
0.131
0
0
0
0
0
0
0
0
0
0
0
0
0
0.094
0.203
0.44
0.518
0.614
0.59
0.531
0.349
0.323
0.226
0.094
0
0
0
0
0
0
0
0
0
0
0
0
0
0.035
0.184
0.241
0.254
0.407
0.274
0.533
0.477
0.533
0.349
0.151
0
0
0
0
0
0
0
0
0
0
0
0
0
0.113
0.319
0.519
0.684
0.789
0.83
0.797
0.705
0.556
0.365
0.159
0
0
0
0
0
0
0
0
0
0
0
0
0
0.112
0.317
0.514
0.672
0.776
0.817
0.797
0.704
0.318
0.365
0.157
0
0
0
0
0
0
0
0
0
0
0
0
0
0.105
0.306
0.499
0.657
0.757
0.794
0.532
0.515
0.237
0.013
0.049
0
0
0
0
0
0
0
0
0
0
0
0
0
0.003
0.138
0.195
0.419
0.387
0.347
0.378
0.522
0.386
0.274
0.154
0
0
0
0
0
0
0
0
0
0
0
0
0
0.12
0.341
0.547
0.71
0.815
0.853
0.822
0.725
0.483
0.361
0.155
0
0
0
0
0
0
0
0
0
0
0
0
0
0.109
0.32
0.518
0.677
0.78
0.817
0.35
0.37
0.548
0.349
0.14
0
0
0
0
0
0
0
0
0
0
0
0
0
0.036
0.294
0.49
0.068
0.563
0.584
0.351
0.426
0.462
0.261
0.103
0
0
0
0
0
0
0
0
0
0
0
0
0
0.073
0.189
0.316
0.431
0.575
0.784
0.756
0.662
0.512
0.321
0.122
0
0
0
0
0
0
0
0
0
0
0
0
0
0.049
0.268
0.42
0.519
0.634
0.437
0.739
0.547
0.486
0.311
0.114
0
0
0
0
0
0
0
0
0
0
0
0
0
0.069
0.229
0.443
0.57
0.734
0.773
0.75
0.656
0.506
0.319
0.118
0
0
0
0
0
0
0
0
0
0
0
0
0
0.078
0.152
0.26
0.413
0.482
0.658
0.605
0.639
0.091
0.172
0.108
0
0
0
0
0
0
0
0
0
0
0
0
0
0.046
0.266
0.375
0.61
0.651
0.679
0.727
0.637
0.492
0.305
0.107
0
0
0
0
0
0
0
0
0
0
0
0
0
0.079
0.269
0.383
0.231
0.267
0.742
0.711
0.511
0.48
0.299
0.105
0
0
0
0
0
0
0
0
0
0
0
0
0
0.08
0.271
0.181
0.241
0.708
0.422
0.479
0.61
0.059
0.083
0.074
0
0
0
0
0
0
0
0
0
0
0
0
0
0.08
0.279
0.289
0.646
0.285
0.288
0.243
0.162
0.143
0.116
0.101
0
0
0
0
0
0
0
0
0
0
0
0
0
0.053
0.211
0.478
0.471
0.559
0.411
0.535
0.191
0.14
0.162
0.098
0
0
0
0
0
0
0
0
0
0
0
0
0
0.083
0.287
0.483
0.64
0.741
0.777
0.746
0.65
0.498
0.306
0.1
0
0
0
0
0
0
0
0
0
0
0
0
0
0.078
0.278
0.472
0.626
0.724
0.757
0.741
0.642
0.487
0.293
0.091
0
0
0
0
0
0
0
0
0
0
0
0
0
0.075
0.274
0.467
0.623
0.552
0.757
0.727
0.633
0.484
0.295
0.082
0
0
0
0
0
0
0
0
0
0
0
0
0
0.052
0.21
0.482
0.641
0.743
0.778
0.746
0.646
0.49
0.293
0.088
0
0
0
0
0
0
0
0
0
0
0
0
0
0.07
0.269
0.464
0.62
0.717
0.75
0.718
0.62
0.466
0.275
0.078
0
0
0
0
0
0
0
0
0
0
0
0
0
0.066
0.26
0.452
0.608
0.709
0.746
0.721
0.625
0.473
0.28
0.08
0
0
0
0
0
0
0
0
0
0
0
0
0
0.071
0.279
0.481
0.642
0.745
0.781
0.748
0.647
0.489
0.29
0.082
0
0
0
0
0
0
0
0
0
0
0
0
0
0.068
0.276
0.478
0.637
0.738
0.772
0.611
0.568
0.297
0.228
0.047
0
0
0
0
0
0
0
0
0
0
0
0
0
0.023
0.266
0.466
0.624
0.724
0.757
0.722
0.623
0.468
0.274
0.073
0
0
0
0
0
0
0
0
0
0
0
0
0
0.059
0.252
0.442
0.597
0.694
0.727
0.691
0.592
0.439
0.249
0.06
0
0
0
0
0
0
0
0
0
0
0
0
0
0.052
0.238
0.428
0.581
0.68
0.712
0.676
0.577
0.425
0.237
0.054
0
0
0
0
0
0
0
0
0
0
0
0
0
0.046
0.229
0.42
0.589
0.687
0.72
0.689
0.592
0.44
0.249
0.057
0
0
0
0
0
0
0
0
0
0
0
0
0
0.037
0.182
0.282
0.495
0.507
0.555
0.528
0.251
0.293
0.203
0.027
0
0
0
0
0
0
0
0
0
0
0
0
0
0.01
0.099
0.038
0.052
0.105
0.417
0.584
0.474
0.424
0.243
0.055
0
0
0
0
0
0
0
0
0
0
0
0
0
0.05
0.249
0.446
0.603
0.701
0.734
0.699
0.599
0.443
0.249
0.054
0
0
0
0
0
0
0
0
0
0
0
0
0
0.043
0.073
0.408
0.555
0.651
0.689
0.665
0.138
0.301
0.077
0.012
0
0
0
0
0
0
0
0
0
0
0
0
0
0.044
0.236
0.431
0.595
0.696
0.731
0.697
0.597
0.441
0.246
0.049
0
0
0
0
0
0
0
0
0
0
0
0
0
0.044
0.242
0.44
0.598
0.699
0.733
0.699
0.598
0.439
0.242
0.047
0
0
0
0
0
0
0
0
0
0
0
0
0
0.037
0.221
0.409
0.561
0.656
0.686
0.653
0.554
0.402
0.216
0.037
0
0
0
0
0
0
0
0
0
0
0
0
0
0.019
0.219
0.368
0.501
0.596
0.601
0.65
0.55
0.397
0.211
0.034
0
0
0
0
0
0
0
0
0
0
0
0
0
0.014
0.032
0.132
0.257
0.286
0.286
0.349
0.186
0.156
0.083
0.012
0
0
0
0
0
0
0
0
0
0
0
0
0
0.024
0.059
0.17
0.542
0.651
0.691
0.659
0.562
0.412
0.223
0.037
0
0
0
0
0
0
0
0
0
0
0
0
0
0.014
0.131
0.414
0.57
0.669
0.703
0.669
0.57
0.417
0.225
0.036
0
0
0
0
0
0
0
0
0
0
0
0
0
0.029
0.214
0.403
0.555
0.65
0.682
0.647
0.549
0.396
0.209
0.03
0
0
0
0
0
0
0
0
0
0
0
0
0
0.025
0.2
0.389
0.542
0.644
0.681
0.652
0.555
0.403
0.214
0.031
0
0
0
0
0
0
0
0
0
0
0
0
0
0.025
0.208
0.4
0.553
0.651
0.685
0.652
0.553
0.318
0.208
0.027
0
0
0
0
0
0
0
0
0
0
0
0
0
0.021
0.191
0.375
0.524
0.618
0.649
0.623
0.523
0.218
0.165
0.02
0
0
0
0
0
0
0
0
0
0
0
0
0
0.01
0.113
0.125
0.184
0.229
0.235
0.278
0.251
0.152
0.059
0.02
0
0
0
0
0
0
0
0
0
0
0
0
0
0
0.032
0.117
0.163
0.229
0.385
0.289
0.473
0.138
0.188
0.022
0
0
0
0
0
0
0
0
0
0
0
0
0
0.017
0.191
0.379
0.531
0.626
0.656
0.506
0.527
0.377
0.193
0.022
0
0
0
0
0
0
0
0
0
0
0
0
0
0.014
0.18
0.364
0.515
0.612
0.645
0.61
0.514
0.366
0.185
0.019
0
0
0
0
0
0
0
0
0
0
0
0
0
0.011
0.006
0.191
0.221
0.1
0.072
0.117
0.121
0.08
0.045
0.004
0
0
0
0
0
0
0
0
0
0
0
0
0
0
0.009
0.063
0.184
0.079
0.07
0.352
0.301
0.39
0.202
0.021
0
0
0
0
0
0
0
0
0
0
0
0
0
0
0.162
0.136
0.537
0.64
0.677
0.646
0.55
0.396
0.204
0.021
0
0
0
0
0
0
0
0
0
0
0
0
0
0
0.176
0.365
0.518
0.616
0.65
0.619
0.523
0.374
0.188
0.017
0
0
0
0
0
0
0
0
0
0
0
0
0
0
0.157
0.34
0.491
0.589
0.623
0.598
0.503
0.356
0.175
0.015
0
0
0
0
0
0
0
0
0
0
0
0
0
0
0.152
0.329
0.484
0.581
0.616
0.588
0.496
0.353
0.176
0.015
0
0
0
0
0
0
0
0
0
0
0
0
0
0
0.155
0.335
0.481
0.571
0.518
0.499
0.364
0.275
0.101
0.007
0
0
0
0
0
0
0
0
0
0
0
0
0
0
0.04
0.011
0.066
0.077
0.087
0.012
0.043
0.136
0.035
0.002
0
0
0
0
0
0
0
0
0
0
0
0
0
0
0.061
0.315
0.469
0.568
0.607
0.58
0.491
0.348
0.172
0.013
0
0
0
0
0
0
0
0
0
0
0
0
0
0
0.15
0.332
0.483
0.582
0.618
0.517
0.346
0.258
0.122
0.009
0
0
0
0
0
0
0
0
0
0
0
0
0
0
0.153
0.337
0.49
0.59
0.624
0.592
0.497
0.338
0.086
0.012
0
0
0
0
0
0
0
0
0
0
0
0
0
0
0.143
0.326
0.196
0.237
0.131
0.169
0.202
0.129
0.089
0.012
0
0
0
0
0
0
0
0
0
0
0
0
0
0
0.139
0.32
0.47
0.571
0.61
0.583
0.493
0.35
0.173
0
0
0
0
0
0
0
0
0
0
0
0
0
0
0
0.043
0.079
0.228
0.223
0.207
0.273
0.223
0.201
0.165
0
0
0
0
0
0
0
0
0
0
0
0
0
0
0
0.13
0.137
0.204
0.558
0.597
0.572
0.485
0.345
0.17
0
0
0
0
0
0
0
0
0
0
0
0
0
0
0
0.121
0.292
0.443
0.539
0.577
0.553
0.468
0.307
0.127
0
0
0
0
0
0
0
0
0
0
0
0
0
0
0
0.083
0.062
0.251
0.371
0.549
0.236
0.46
0.14
0.157
0
0
0
0
0
0
0
0
0
0
0
0
0
0
0
0.069
0.208
0.137
0.362
0.464
0.421
0.278
0.221
0.148
0
0
0
0
0
0
0
0
0
0
0
0
0
0
0
0.108
0.272
0.415
0.307
0.461
0.447
0.383
0.254
0.106
0
0
0
0
0
0
0
0
0
0
0
0
0
0
0
0.047
0.19
0.315
0.218
0.37
0.454
0.318
0.185
0.091
0
0
0
0
0
0
0
0
0
0
0
0
0
0
0
0.05
0.268
0.078
0.054
0.023
0.528
0.174
0.184
0.156
0
0
0
0
0
0
0
0
0
0
0
0
0
0
0
0.113
0.288
0.442
0.544
0.585
0.503
0.473
0.273
0.112
0
0
0
0
0
0
0
0
0
0
0
0
0
0
0
0.023
0.096
0.138
0.307
0.313
0.262
0.466
0.331
0.16
0
0
0
0
0
0
0
0
0
0
0
0
0
0
0
0.105
0.283
0.437
0.541
0.582
0.561
0.476
0.337
0.074
0
0
0
0
0
0
0
0
0
0
0
0
0
0
0
0.104
0.28
0.437
0.311
0.337
0.338
0.367
0.344
0.17
0
0
0
0
0
0
0
0
0
0
0
0
0
0
0
0.101
0.276
0.43
0.536
0.582
0.566
0.484
0.347
0.172
0
0
0
0
0
0
0
0
0
0
0
0
0
0
0
0.103
0.279
0.431
0.536
0.58
0.562
0.479
0.344
0.172
0.013
0
0
0
0
0
0
0
0
0
0
0
0
0
0
0.104
0.281
0.432
0.533
0.574
0.555
0.471
0.335
0.094
0.011
0
0
0
0
0
0
0
0
0
0
0
0
0
0
0.088
0.133
0.319
0.53
0.575
0.558
0.476
0.341
0.17
0.013
0
0
0
0
0
0
0
0
0
0
0
0
0
0
0.092
0.259
0.401
0.421
0.405
0.105
0.222
0.005
0.059
0.004
0
0
0
0
0
0
0
0
0
0
0
0
0
0
0.094
0.266
0.417
0.518
0.562
0.55
0.47
0.336
0.167
0.013
0
0
0
0
0
0
0
0
0
0
0
0
0
0
0.019
0.046
0.104
0.16
0.114
0.315
0.205
0.202
0.108
0.012
0
0
0
0
0
0
0
0
0
0
0
0
0
0
0.028
0.117
0.174
0.154
0.113
0.156
0.101
0.104
0.165
0.014
0
0
0
0
0
0
0
0
0
0
0
0
0
0
0.042
0.118
0.191
0.326
0.208
0.167
0.153
0.006
0.008
0
0
0
0
0
0
0
0
0
0
0
0
0
0
0
0.082
0.254
0.193
0.19
0.199
0.239
0.251
0.204
0.088
0.017
0
0
0
0
0
0
0
0
0
0
0
0
0
0
0.079
0.243
0.271
0.487
0.428
0.41
0.358
0.26
0.113
0.005
0
0
0
0
0
0
0
0
0
0
0
0
0
0
0.015
0.048
0.037
0.02
0.054
0.108
0.092
0.012
0.125
0.012
0
0
0
0
0
0
0
0
0
0
0
0
0
0
0.033
0.033
0.012
0.104
0.085
0.043
0.031
0.036
0.064
0.005
0
0
0
0
0
0
0
0
0
0
0
0
0
0
0.018
0.027
0.144
0.119
0.054
0.084
0.018
0.085
0.042
0.004
0
0
0
0
0
0
0
0
0
0
0
0
0
0
0.079
0.257
0.417
0.53
0.583
0.573
0.496
0.363
0.191
0.024
0
0
0
0
0
0
0
0
0
0
0
0
0
0
0.049
0.265
0.334
0.349
0.449
0.318
0.38
0.281
0.113
0.024
0
0
0
0
0
0
0
0
0
0
0
0
0
0
0.008
0.091
0.082
0.346
0.354
0.347
0.093
0.141
0.057
0.007
0
0
0
0
0
0
0
0
0
0
0
0
0
0
0.017
0.01
0.048
0.092
0.343
0.224
0.237
0.094
0.056
0.007
0
0
0
0
0
0
0
0
0
0
0
0
0
0
0.072
0.239
0.096
0.14
0.126
0.169
0.278
0.095
0.17
0.02
0
0
0
0
0
0
0
0
0
0
0
0
0
0
0.073
0.051
0.11
0.152
0.286
0.384
0.502
0.371
0.201
0.03
0
0
0
0
0
0
0
0
0
0
0
0
0
0
0.07
0.24
0.174
0.224
0.248
0.564
0.49
0.36
0.193
0.029
0
0
0
0
0
0
0
