	PV	Copy ofCustom 10 kWh Battery	Converter	Total Capital Cost	Total NPC	Tot. Ann. Cap. Cost	Tot. Ann. Repl. Cost	Total O&M Cost	Total Fuel Cost	Total Ann. Cost	Operating Cost	COE	PV Production	Tot. Electrical Production	AC Primary Load Served	Ren. Fraction	Cap. Shortage	Cap. Shortage Frac.	Unmet Load	Unmet Load Frac.	Excess Electricity	CO2 Emissions	CO Emissions	UHC Emissions	PM Emissions	SO2 Emissions	NOx Emissions	Battery Autonomy	Battery Throughput	Battery Life
#	kW		kW	$	$	$/yr	$/yr	$/yr	$/yr	$/yr	$/yr	$/kWh	kWh/yr	kWh/yr	kWh/yr		kWh/yr		kWh/yr		kWh/yr	kg/yr	kg/yr	kg/yr	kg/yr	kg/yr	kg/yr	hr	kWh/yr	yr
1	5	2	100	10,600	12,568	829	154	0	0	983	154	0.138	8,246	8,246	7,138	1.00	4,353	0	3,703	0.34	317	0	0	0	0	0	0	14.55	3,400	8.3
2	5	4	100	11,200	12,936	876	136	0	0	1,012	136	0.138	8,246	8,246	7,316	1.00	4,146	0	3,525	0.33	121	0	0	0	0	0	0	29.09	3,600	15.7
3	5	6	100	11,800	13,417	923	127	0	0	1,050	127	0.142	8,246	8,246	7,368	1.00	4,084	0	3,473	0.32	77	0	0	0	0	0	0	43.64	3,659	20.0
4	5	8	100	12,400	14,099	970	133	0	0	1,103	133	0.149	8,246	8,246	7,400	1.00	4,046	0	3,440	0.32	57	0	0	0	0	0	0	58.18	3,695	20.0
5	5	10	100	13,000	14,782	1,017	139	0	0	1,156	139	0.156	8,246	8,246	7,432	1.00	4,008	0	3,408	0.31	38	0	0	0	0	0	0	72.73	3,731	20.0
6	10	2	100	20,600	24,476	1,611	303	0	0	1,915	303	0.199	16,491	16,491	9,600	1.00	1,433	0	1,241	0.11	5,700	0	0	0	0	0	0	14.55	5,336	5.3
7	10	4	100	21,200	24,953	1,658	294	0	0	1,952	294	0.190	16,491	16,491	10,252	1.00	679	0	588	0.05	4,925	0	0	0	0	0	0	29.09	6,068	9.3
8	10	6	100	21,800	25,282	1,705	272	0	0	1,978	272	0.190	16,491	16,491	10,384	1.00	528	0	456	0.04	4,784	0	0	0	0	0	0	43.64	6,216	13.7
9	10	8	100	22,400	25,643	1,752	254	0	0	2,006	254	0.192	16,491	16,491	10,462	1.00	438	0	379	0.03	4,709	0	0	0	0	0	0	58.18	6,304	18.0
10	10	10	100	23,000	26,152	1,799	247	0	0	2,046	247	0.195	16,491	16,491	10,510	1.00	383	0	331	0.03	4,670	0	0	0	0	0	0	72.73	6,358	20.0
11	15	2	100	30,600	35,911	2,394	415	0	0	2,809	415	0.278	24,737	24,737	10,120	1.00	831	0	720	0.07	13,367	0	0	0	0	0	0	14.55	5,578	5.1
12	15	4	100	31,200	36,378	2,441	405	0	0	2,846	405	0.265	24,737	24,737	10,747	1.00	107	0	93	0.01	12,607	0	0	0	0	0	0	29.09	6,282	9.0
13	15	6	100	31,800	36,686	2,488	382	0	0	2,870	382	0.265	24,737	24,737	10,820	1.00	23	0	20	0.00	12,519	0	0	0	0	0	0	43.64	6,364	13.3
14	15	8	100	32,400	37,036	2,535	363	0	0	2,897	363	0.267	24,737	24,737	10,840	1.00	0	0	0	0.00	12,494	0	0	0	0	0	0	58.18	6,387	17.7
15	15	10	100	33,000	37,523	2,581	354	0	0	2,935	354	0.271	24,737	24,737	10,840	1.00	0	0	0	0.00	12,494	0	0	0	0	0	0	72.73	6,387	20.0
16	20	2	100	40,600	47,288	3,176	523	0	0	3,699	523	0.359	32,983	32,983	10,307	1.00	616	0	533	0.05	21,413	0	0	0	0	0	0	14.55	5,603	5.1
17	20	4	100	41,200	47,718	3,223	510	0	0	3,733	510	0.345	32,983	32,983	10,805	1.00	40	0	35	0.00	20,810	0	0	0	0	0	0	29.09	6,162	9.2
18	20	6	100	41,800	48,018	3,270	486	0	0	3,756	486	0.347	32,983	32,983	10,836	1.00	5	0	4	0.00	20,773	0	0	0	0	0	0	43.64	6,197	13.7
19	20	8	100	42,400	48,357	3,317	466	0	0	3,783	466	0.349	32,983	32,983	10,840	1.00	0	0	0	0.00	20,767	0	0	0	0	0	0	58.18	6,201	18.3
20	20	10	100	43,000	48,893	3,364	461	0	0	3,825	461	0.353	32,983	32,983	10,840	1.00	0	0	0	0.00	20,767	0	0	0	0	0	0	72.73	6,201	20.0
21	25	2	100	50,600	58,657	3,958	630	0	0	4,589	630	0.441	41,228	41,228	10,412	1.00	496	0	428	0.04	29,550	0	0	0	0	0	0	14.55	5,598	5.1
22	25	4	100	51,200	59,062	4,005	615	0	0	4,620	615	0.427	41,228	41,228	10,822	1.00	22	0	19	0.00	29,054	0	0	0	0	0	0	29.09	6,058	9.3
23	25	6	100	51,800	59,362	4,052	592	0	0	4,644	592	0.428	41,228	41,228	10,840	1.00	0	0	0	0.00	29,032	0	0	0	0	0	0	43.64	6,079	14.0
24	25	8	100	52,400	59,695	4,099	571	0	0	4,670	571	0.431	41,228	41,228	10,840	1.00	0	0	0	0.00	29,032	0	0	0	0	0	0	58.18	6,079	18.6
25	25	10	100	53,000	60,264	4,146	568	0	0	4,714	568	0.435	41,228	41,228	10,840	1.00	0	0	0	0.00	29,032	0	0	0	0	0	0	72.73	6,079	20.0
26	30	2	100	60,600	70,024	4,741	737	0	0	5,478	737	0.523	49,474	49,474	10,477	1.00	421	0	363	0.03	37,730	0	0	0	0	0	0	14.55	5,583	5.1
27	30	4	100	61,200	70,411	4,787	721	0	0	5,508	721	0.509	49,474	49,474	10,828	1.00	14	0	12	0.00	37,305	0	0	0	0	0	0	29.09	5,977	9.5
28	30	6	100	61,800	70,712	4,834	697	0	0	5,532	697	0.510	49,474	49,474	10,840	1.00	0	0	0	0.00	37,291	0	0	0	0	0	0	43.64	5,991	14.2
29	30	8	100	62,400	71,042	4,881	676	0	0	5,557	676	0.513	49,474	49,474	10,840	1.00	0	0	0	0.00	37,290	0	0	0	0	0	0	58.18	5,991	18.9
30	30	10	100	63,000	71,635	4,928	675	0	0	5,604	675	0.517	49,474	49,474	10,840	1.00	0	0	0	0.00	37,291	0	0	0	0	0	0	72.73	5,991	20.0
